  1.25663709640502926E-003  0.96065029110929301       9.44348485359640215E-003  8.20438845901049450E-003 -9.73730976962590596E-003
  2.51327419281005852E-003  0.96051606410853108       9.50017878701158586E-003  8.06878950086547739E-003 -9.76123046762150497E-003
  3.76991128921508756E-003  0.96038159697874481       9.55678650990247382E-003  7.93315789370447125E-003 -9.78506258614767963E-003
  5.02654838562011704E-003  0.96024688975355088       9.61330750857542285E-003  7.79749418633823941E-003 -9.80880590893698327E-003
  6.28318548202514652E-003  0.96011194246662612       9.66974127012377484E-003  7.66179892770743002E-003 -9.83246022052775177E-003
  7.53982257843017600E-003  0.95997675515170744       9.72608728243251966E-003  7.52607266688036080E-003 -9.85602530626606896E-003
  8.79645967483520461E-003  0.95984132784259157       9.78234503418293731E-003  7.39031595305079253E-003 -9.87950095230770431E-003
  1.00530967712402341E-002  0.95970566057313544       9.83851401485723656E-003  7.25452933553571121E-003 -9.90288694562006452E-003
  1.13097338676452636E-002  0.95956975337725581       9.89459371474319359E-003  7.11871336377310152E-003 -9.92618307398411559E-003
  1.25663709640502930E-002  0.95943360628892949       9.95058362493876983E-003  6.98286858731972555E-003 -9.94938912599631700E-003
  1.38230080604553225E-002  0.95929721934219325       1.00064832373567385E-002  6.84699555584889884E-003 -9.97250489107053516E-003
  1.50796451568603520E-002  0.95916059257114383       1.00622920447292884E-002  6.71109481914826649E-003 -9.99553015943995676E-003
  1.63362822532653815E-002  0.95902372600993790       1.01180095406126300E-002  6.57516692711757837E-003 -1.00184647221589936E-002
  1.75929193496704092E-002  0.95888661969279210       1.01736352193915903E-002  6.43921242976646258E-003 -1.00413083711051749E-002
  1.88495564460754370E-002  0.95874927365398299       1.02291685762842047E-002  6.30323187721220334E-003 -1.00640608989810386E-002
  2.01061935424804647E-002  0.95861168792784712       1.02846091073462917E-002  6.16722581967751090E-003 -1.00867220993160114E-002
  2.13628306388854924E-002  0.95847386254878097       1.03399563094760290E-002  6.03119480748829859E-003 -1.01092917664682841E-002
  2.26194677352905202E-002  0.95833579755124088       1.03952096804185209E-002  5.89513939107145363E-003 -1.01317696956266749E-002
  2.38761048316955479E-002  0.95819749296974299       1.04503687187703538E-002  5.75906012095261152E-003 -1.01541556828124904E-002
  2.51327419281005757E-002  0.95805894883886356       1.05054329239841447E-002  5.62295754775392689E-003 -1.01764495248813751E-002
  2.63893790245056034E-002  0.95792016519323853       1.05604017963730895E-002  5.48683222219184790E-003 -1.01986510195251553E-002
  2.76460161209106312E-002  0.95778114206756393       1.06152748371154890E-002  5.35068469507488532E-003 -1.02207599652736781E-002
  2.89026532173156589E-002  0.95764187949659541       1.06700515482592816E-002  5.21451551730138518E-003 -1.02427761614966324E-002
  3.01592903137206866E-002  0.95750237751514866       1.07247314327265607E-002  5.07832523985729967E-003 -1.02646994084053776E-002
  3.14159274101257144E-002  0.95736263615809924       1.07793139943180849E-002  4.94211441381395625E-003 -1.02865295070547515E-002
  3.26725645065307421E-002  0.95722265546038243       1.08337987377177796E-002  4.80588359032582940E-003 -1.03082662593448771E-002
  3.39292016029357699E-002  0.95708243545699345       1.08881851684972351E-002  4.66963332062830978E-003 -1.03299094680229589E-002
  3.51858386993407976E-002  0.95694197618298726       1.09424727931201927E-002  4.53336415603547427E-003 -1.03514589366850759E-002
  3.64424757957458254E-002  0.95680127767347867       1.09966611189470185E-002  4.39707664793785417E-003 -1.03729144697779618E-002
  3.76991128921508531E-002  0.95666033996364241       1.10507496542391805E-002  4.26077134780020617E-003 -1.03942758726007813E-002
  3.89557499885558808E-002  0.95651916308871276       1.11047379081637074E-002  4.12444880715927796E-003 -1.04155429513068942E-002
  4.02123870849609086E-002  0.95637774708398404       1.11586253907976409E-002  3.98810957762157827E-003 -1.04367155129056147E-002
  4.14690241813659363E-002  0.95623609198481019       1.12124116131324877E-002  3.85175421086114559E-003 -1.04577933652639666E-002
  4.27256612777709641E-002  0.95609419782660510       1.12660960870786513E-002  3.71538325861731425E-003 -1.04787763171084233E-002
  4.39822983741759918E-002  0.95595206464484217       1.13196783254698643E-002  3.57899727269248274E-003 -1.04996641780266426E-002
  4.52389354705810195E-002  0.95580969247505476       1.13731578420676067E-002  3.44259680494988108E-003 -1.05204567584691999E-002
  4.64955725669860473E-002  0.95566708135283596       1.14265341515655209E-002  3.30618240731133739E-003 -1.05411538697513015E-002
  4.77522096633910750E-002  0.95552423131383846       1.14798067695938144E-002  3.16975463175504443E-003 -1.05617553240545010E-002
  4.90088467597961028E-002  0.95538114239377481       1.15329752127236555E-002  3.03331403031332743E-003 -1.05822609344284040E-002
  5.02654838562011305E-002  0.95523781462841728       1.15860389984715605E-002  2.89686115507040848E-003 -1.06026705147923631E-002
  5.15221209526061583E-002  0.95509424805359777       1.16389976453037721E-002  2.76039655816017393E-003 -1.06229838799371673E-002
  5.27787580490111860E-002  0.95495044270520790       1.16918506726406291E-002  2.62392079176394007E-003 -1.06432008455267218E-002
  5.40353951454162137E-002  0.95480639861919903       1.17445976008609260E-002  2.48743440810821840E-003 -1.06633212280997196E-002
  5.52920322418212415E-002  0.95466211583158223       1.17972379513062650E-002  2.35093795946248168E-003 -1.06833448450713107E-002
  5.65486693382262692E-002  0.95451759437842809       1.18497712462854055E-002  2.21443199813692879E-003 -1.07032715147347534E-002
  5.78053064346312970E-002  0.95437283429586706       1.19021970090785918E-002  2.07791707648025039E-003 -1.07231010562630694E-002
  5.90619435310363247E-002  0.95422783562008917       1.19545147639418849E-002  1.94139374687739286E-003 -1.07428332897106793E-002
  6.03185806274413525E-002  0.95408259838734411       1.20067240361114713E-002  1.80486256174732483E-003 -1.07624680360150372E-002
  6.15752177238463802E-002  0.95393712263394115       1.20588243518079830E-002  1.66832407354080029E-003 -1.07820051169982591E-002
  6.28318548202514149E-002  0.95379140839624921       1.21108152382407869E-002  1.53177883473812446E-003 -1.08014443553687330E-002
  6.40884919166564426E-002  0.95364545571069681       1.21626962236122804E-002  1.39522739784691749E-003 -1.08207855747227341E-002
  6.53451290130614704E-002  0.95349926461377221       1.22144668371221721E-002  1.25867031539987888E-003 -1.08400285995460220E-002
  6.66017661094664981E-002  0.95335283514202318       1.22661266089717520E-002  1.12210813995255228E-003 -1.08591732552154336E-002
  6.78584032058715259E-002  0.95320616733205710       1.23176750703681559E-002  9.85541424081089407E-004 -1.08782193680004718E-002
  6.91150403022765536E-002  0.95305926122054085       1.23691117535286218E-002  8.48970720380013560E-004 -1.08971667650648758E-002
  7.03716773986815813E-002  0.95291211684420096       1.24204361916847306E-002  7.12396581459984451E-004 -1.09160152744681941E-002
  7.16283144950866091E-002  0.95276473423982355       1.24716479190866460E-002  5.75819559945561690E-004 -1.09347647251673424E-002
  7.28849515914916368E-002  0.95261711344425437       1.25227464710073368E-002  4.39240208472969061E-004 -1.09534149470181565E-002
  7.41415886878966646E-002  0.95246925449439845       1.25737313837467994E-002  3.02659079687857919E-004 -1.09719657707769373E-002
  7.53982257843016923E-002  0.95232115742722068       1.26246021946362606E-002  1.66076726243071215E-004 -1.09904170281019849E-002
  7.66548628807067201E-002  0.95217282227974520       1.26753584420423795E-002  2.94937007964074602E-005 -1.10087685515551283E-002
  7.79114999771117478E-002  0.95202424908905592       1.27259996653714350E-002 -1.07089443991615870E-004 -1.10270201746032418E-002
  7.91681370735167755E-002  0.95187543789229612       1.27765254050735046E-002 -2.43672155459998289E-004 -1.10451717316197608E-002
  8.04247741699218033E-002  0.95172638872666848       1.28269352026466384E-002 -3.80253880949492709E-004 -1.10632230578861790E-002
  8.16814112663268310E-002  0.95157710162943543       1.28772286006410153E-002 -5.16834067804841689E-004 -1.10811739895935474E-002
  8.29380483627318588E-002  0.95142757663791866       1.29274051426630978E-002 -6.53412163377013440E-004 -1.10990243638439592E-002
  8.41946854591368865E-002  0.95127781378949949       1.29774643733797709E-002 -7.89987615025438479E-004 -1.11167740186520290E-002
  8.54513225555419142E-002  0.95112781312161854       1.30274058385224760E-002 -9.26559870120245255E-004 -1.11344227929463628E-002
  8.67079596519469420E-002  0.95097757467177602       1.30772290848913328E-002 -1.06312837604449675E-003 -1.11519705265710183E-002
  8.79645967483519697E-002  0.95082709847753155       1.31269336603592503E-002 -1.19969258019642631E-003 -1.11694170602869604E-002
  8.92212338447569975E-002  0.95067638457650416       1.31765191138760330E-002 -1.33625192999167340E-003 -1.11867622357735008E-002
  9.04778709411620252E-002  0.95052543300637238       1.32259849954724697E-002 -1.47280587286552031E-003 -1.12040058956297435E-002
  9.17345080375670530E-002  0.95037424380487412       1.32753308562644206E-002 -1.60935385627512719E-003 -1.12211478833760050E-002
  9.29911451339720807E-002  0.95022281700980660       1.33245562484568883E-002 -1.74589532770176819E-003 -1.12381880434552408E-002
  9.42477822303771084E-002  0.95007115265902653       1.33736607253480827E-002 -1.88242973465306725E-003 -1.12551262212344499E-002
  9.55044193267821362E-002  0.94991925079045003       1.34226438413334748E-002 -2.01895652466523370E-003 -1.12719622630060856E-002
  9.67610564231871639E-002  0.94976711144205261       1.34715051519098388E-002 -2.15547514530529689E-003 -1.12886960159894450E-002
  9.80176935195921917E-002  0.94961473465186907       1.35202442136792885E-002 -2.29198504417334279E-003 -1.13053273283320582E-002
  9.92743306159972194E-002  0.94946212045799361       1.35688605843532969E-002 -2.42848566890474862E-003 -1.13218560491110658E-002
  0.10053096771240225       0.94930926889857969       1.36173538227567139E-002 -2.56497646717241757E-003 -1.13382820283345846E-002
  0.10178760480880727       0.94915618001184032       1.36657234888317679E-002 -2.70145688668901396E-003 -1.13546051169430753E-002
  0.10304424190521230       0.94900285383604766       1.37139691436420613E-002 -2.83792637520919808E-003 -1.13708251668106931E-002
  0.10430087900161733       0.94884929040953325       1.37620903493765479E-002 -2.97438438053186085E-003 -1.13869420307466263E-002
  0.10555751609802236       0.94869548977068807       1.38100866693535110E-002 -3.11083035050235780E-003 -1.14029555624964394E-002
  0.10681415319442739       0.94854145195796213       1.38579576680245269E-002 -3.24726373301474332E-003 -1.14188656167433979E-002
  0.10807079029083241       0.94838717700986497       1.39057029109784132E-002 -3.38368397601400547E-003 -1.14346720491097856E-002
  0.10932742738723744       0.94823266496496528       1.39533219649451735E-002 -3.52009052749829854E-003 -1.14503747161582136E-002
  0.11058406448364247       0.94807791586189116       1.40008143977999287E-002 -3.65648283552117781E-003 -1.14659734753929272E-002
  0.11184070158004750       0.94792292973932979       1.40481797785668387E-002 -3.79286034819383217E-003 -1.14814681852610945E-002
  0.11309733867645252       0.94776770663602772       1.40954176774230125E-002 -3.92922251368731709E-003 -1.14968587051540918E-002
  0.11435397577285755       0.94761224659079069       1.41425276657024101E-002 -4.06556878023478854E-003 -1.15121448954087803E-002
  0.11561061286926258       0.94745654964248383       1.41895093158997294E-002 -4.20189859613373344E-003 -1.15273266173087727E-002
  0.11686724996566761       0.94730061583003133       1.42363622016742908E-002 -4.33821140974820565E-003 -1.15424037330856943E-002
  0.11812388706207264       0.94714444519241658       1.42830858978538998E-002 -4.47450666951105473E-003 -1.15573761059204281E-002
  0.11938052415847766       0.94698803776868234       1.43296799804387108E-002 -4.61078382392615931E-003 -1.15722435999443627E-002
  0.12063716125488269       0.94683139359793034       1.43761440266050727E-002 -4.74704232157065805E-003 -1.15870060802406201E-002
  0.12189379835128772       0.94667451271932168       1.44224776147093645E-002 -4.88328161109718040E-003 -1.16016634128452822E-002
  0.12315043544769275       0.94651739517207667       1.44686803242918220E-002 -5.01950114123608012E-003 -1.16162154647486086E-002
  0.12440707254409777       0.94636004099547455       1.45147517360803557E-002 -5.15570036079766262E-003 -1.16306621038962388E-002
  0.12566370964050280       0.94620245022885396       1.45606914319943541E-002 -5.29187871867441671E-003 -1.16450031991903943E-002
