  1.25663709640502926E-003  0.20068492180925082       0.17984401287797266      -0.64513933121274114      -7.55274871579842272E-002
  2.51327419281005852E-003  0.20760765095058331       0.17882824379925855      -0.64417747059837271      -7.44961869850175040E-002
  3.76991128921508756E-003  0.21450961949872804       0.17779111530319283      -0.64314247294199178      -7.34559889158621776E-002
  5.02654838562011704E-003  0.22139013726254531       0.17673275126540008      -0.64203445575262408      -7.24070171927755912E-002
  6.28318548202514652E-003  0.22824851619595604       0.17565327809789844      -0.64085354482960832      -7.13493971059487586E-002
  7.53982257843017600E-003  0.23508407046674593       0.17455282473400072      -0.63959987424831299      -7.02832549785415706E-002
  8.79645967483520461E-003  0.24189611652514798       0.17343152261291461      -0.63827358634491427      -6.92087181515946281E-002
  1.00530967712402341E-002  0.24868397317219698       0.17228950566404341      -0.63687483170023584      -6.81259149688195204E-002
  1.13097338676452636E-002  0.25544696162784886       0.17112691029098931      -0.63540376912265262      -6.70349747612693225E-002
  1.25663709640502930E-002  0.26218440559885803       0.16994387535526131      -0.63386056563006010      -6.59360278318911891E-002
  1.38230080604553225E-002  0.26889563134640626       0.16874054215968945      -0.63224539643091227      -6.48292054399627893E-002
  1.50796451568603520E-002  0.27557996775347599       0.16751705443154735      -0.63055844490432900      -6.37146397854146396E-002
  1.63362822532653815E-002  0.28223674639196134       0.16627355830538548      -0.62879990257927587      -6.25924639930399845E-002
  1.75929193496704092E-002  0.28886530158951057       0.16501020230557653      -0.62696996911281910      -6.14628120965942451E-002
  1.88495564460754370E-002  0.29546497049609260       0.16372713732857561      -0.62506885226745734      -6.03258190227858870E-002
  2.01061935424804647E-002  0.30203509315028160       0.16242451662489701      -0.62309676788753310      -5.91816205751606733E-002
  2.13628306388854924E-002  0.30857501254525244       0.16110249578080985      -0.62105393987472668      -5.80303534178811323E-002
  2.26194677352905202E-002  0.31508407469448085       0.15976123269975459      -0.61894060016263563      -5.68721550594032746E-002
  2.38761048316955479E-002  0.32156162869714178       0.15840088758348306      -0.61675698869044193      -5.57071638360524396E-002
  2.51327419281005757E-002  0.32800702680319854       0.15702162291292368      -0.61450335337567019      -5.45355188955002831E-002
  2.63893790245056034E-002  0.33441962447817758       0.15562360342877463      -0.61217995008604054      -5.33573601801448361E-002
  2.76460161209106312E-002  0.34079878046762130       0.15420699611182700      -0.60978704261041816      -5.21728284103956524E-002
  2.89026532173156589E-002  0.34714385686121291       0.15277197016302060      -0.60732490262886418      -5.09820650678660392E-002
  3.01592903137206866E-002  0.35345421915656705       0.15131869698323427      -0.60479380968179020      -4.97852123784743375E-002
  3.14159274101257144E-002  0.35972923632267939       0.14984735015281367      -0.60219405113822044      -4.85824132954563309E-002
  3.26725645065307421E-002  0.36596828086302929       0.14835810541083866      -0.59952592216316547      -4.73738114822907716E-002
  3.39292016029357699E-002  0.37217072887832886       0.14685114063413288      -0.59678972568410993      -4.61595512955400925E-002
  3.51858386993407976E-002  0.37833596012891241       0.14532663581601793      -0.59398577235662009      -4.49397777676082966E-002
  3.64424757957458254E-002  0.38446335809675997       0.14378477304481485      -0.59111438052907306      -4.37146365894181613E-002
  3.76991128921508531E-002  0.39055231004714847       0.14222573648209527      -0.58817587620651290      -4.24842740930097690E-002
  3.89557499885558808E-002  0.39660220708992477       0.14064971234068496      -0.58517059301363761      -4.12488372340624673E-002
  4.02123870849609086E-002  0.40261244424039411       0.13905688886242246      -0.58209887215692080      -4.00084735743423472E-002
  4.14690241813659363E-002  0.40858242047981813       0.13744745629567523      -0.57896106238587264      -3.87633312640773206E-002
  4.27256612777709641E-002  0.41451153881551628       0.13582160687261624      -0.57575751995344449      -3.75135590242619138E-002
  4.39822983741759918E-002  0.42039920634056455       0.13417953478626354      -0.57248860857558137      -3.62593061288938867E-002
  4.52389354705810195E-002  0.42624483429308563       0.13252143616728571      -0.56915469938992724      -3.50007223871448073E-002
  4.64955725669860473E-002  0.43204783811512465       0.13084750906057574      -0.56575617091368779      -3.37379581254667049E-002
  4.77522096633910750E-002  0.43780763751110452       0.12915795340159647      -0.56229340900065539      -3.24711641696369194E-002
  4.90088467597961028E-002  0.44352365650585501       0.12745297099250000      -0.55876680679740076      -3.12004918267433339E-002
  5.02654838562011305E-002  0.44919532350220970       0.12573276547802434      -0.55517676469863708      -2.99260928671121161E-002
  5.15221209526061583E-002  0.45482207133816532       0.12399754232116980      -0.55152369030176052      -2.86481195061801149E-002
  5.27787580490111860E-002  0.46040333734359740       0.12224750877865835      -0.54780799836057403      -2.73667243863141112E-002
  5.40353951454162137E-002  0.46593856339652695       0.12048287387617866      -0.54403011073819763      -2.60820605585790621E-002
  5.52920322418212415E-002  0.47142719597893201       0.11870384838341988      -0.54019045635917207      -2.47942814644575293E-002
  5.65486693382262692E-002  0.47686868623209916       0.11691064478889709      -0.53628947116076064      -2.35035409175224919E-002
  5.78053064346312970E-002  0.48226249001150884       0.11510347727457147      -0.53232759804345486      -2.22099930850656983E-002
  5.90619435310363247E-002  0.48760806794124939       0.11328256169026821      -0.52830528682068945      -2.09137924696837785E-002
  6.03185806274413525E-002  0.49290488546795419       0.11144811552789517      -0.52422299416777263      -1.96150938908243033E-002
  6.15752177238463802E-002  0.49815241291425649       0.10960035789546552      -0.52008118357003708      -1.83140524662940042E-002
  6.28318548202514149E-002  0.50335012553175684       0.10773950949092714      -0.51588032527021788      -1.70108235937313536E-002
  6.40884919166564426E-002  0.50849750355349743       0.10586579257580238      -0.51162089621506335      -1.57055629320457177E-002
  6.53451290130614704E-002  0.51359403224593825       0.10397943094864082      -0.50730338000118469      -1.43984263828253085E-002
  6.66017661094664981E-002  0.51863920196043023       0.10208064991828861      -0.50292826682015035      -1.30895700717161504E-002
  6.78584032058715259E-002  0.52363250818417939       0.10016967627697737      -0.49849605340283215      -1.17791503297742794E-002
  6.91150403022765536E-002  0.52857345159069813       9.82467382732358924E-002 -0.49400724296300846      -1.04673236747934145E-002
  7.03716773986815813E-002  0.53346153808973706       9.63120655846279178E-002 -0.48946234514023151      -9.15424679261031896E-003
  7.16283144950866091E-002  0.53829627887669373       9.43658892903192076E-002 -0.48486187594196545      -7.84007651839009438E-003
  7.28849515914916368E-002  0.54307719048149294       9.24084418434772681E-002 -0.48020635768500081      -6.52496981789364109E-003
  7.41415886878966646E-002  0.54780379481693287       9.04399570435069078E-002 -0.47549631893615324      -5.20908376872951297E-003
  7.53982257843016923E-002  0.55247561922649380       8.84606700081249780E-002 -0.47073229445225234      -3.89257554159241643E-003
  7.66548628807067201E-002  0.55709219653160325       8.64708171452777258E-002 -0.46591482511942767      -2.57560238149059494E-003
  7.79114999771117478E-002  0.56165306507835333       8.44706361249039916E-002 -0.46104445789169901      -1.25832158896433191E-003
  7.91681370735167755E-002  0.56615776878366597       8.24603658505476678E-002 -0.45612174572887759       5.91094987021768912E-005
  8.04247741699218033E-002  0.57060585718090073       8.04402464308228565E-002 -0.45114724753378554       1.37653352627334032E-003
  8.16814112663268310E-002  0.57499688546490113       7.84105191507350474E-002 -0.44612152808880051       2.69379313935683108E-003
  8.29380483627318588E-002  0.57933041453647460       7.63714264428617950E-002 -0.44104515799173283       4.01073100319814663E-003
  8.41946854591368865E-002  0.58360601104630239       7.43232118583963541E-002 -0.43591871359104234       5.32718982147282246E-003
  8.54513225555419142E-002  0.58782324743827385       7.22661200380576990E-002 -0.43074277692040247       6.64301235507405805E-003
  8.67079596519469420E-002  0.59198170199224176       7.02003966828703974E-002 -0.42551793563261853       7.95804144089350650E-003
  8.79645967483519697E-002  0.59608095886619417       6.81262885248178213E-002 -0.42024478293290835       9.27212001059298484E-003
  8.92212338447569975E-002  0.60012060813783796       6.60440432973722624E-002 -0.41492391751155233       1.05850911093648692E-002
  9.04778709411620252E-002  0.60410024584559097       6.39539097059053929E-002 -0.40955594347592100       1.18967979146789304E-002
  9.17345080375670530E-002  0.60801947402897771       6.18561373979826870E-002 -0.40414147028188713       1.32070837550133640E-002
  9.29911451339720807E-002  0.61187790076842508       5.97509769335452454E-002 -0.39868111266463085       1.45157921285677879E-002
  9.42477822303771084E-002  0.61567514022445402       5.76386797549826857E-002 -0.39317549056884554       1.58227667219559692E-002
  9.55044193267821362E-002  0.61941081267626330       5.55194981571006177E-002 -0.38762522907835184       1.71278514288760453E-002
  9.67610564231871639E-002  0.62308454455970097       5.33936852569863243E-002 -0.38203095834512862       1.84308903687560102E-002
  9.80176935195921917E-002  0.62669596850462062       5.12614949637761885E-002 -0.37639331351776817       1.97317279053722365E-002
  9.92743306159972194E-002  0.63024472337161819       4.91231819483285634E-002 -0.37071293466936434       2.10302086654388237E-002
  0.10053096771240225       0.63373045428814556       4.69790016128056320E-002 -0.36499046672484142       2.23261775571655247E-002
  0.10178760480880727       0.63715281268399726       4.48292100601679205E-002 -0.35922655938773240       2.36194797887820662E-002
  0.10304424190521230       0.64051145632616768       4.26740640635851279E-002 -0.35342186706641426       2.49099608870266137E-002
  0.10430087900161733       0.64380604935307362       4.05138210357668879E-002 -0.34757704879980961       2.61974667155962238E-002
  0.10555751609802236       0.64703626230814038       3.83487389982171342E-002 -0.34169276818256222       2.74818434935570170E-002
  0.10681415319442739       0.65020177217274722       3.61790765504157869E-002 -0.33576969328969541       2.87629378137119300E-002
  0.10807079029083241       0.65330226239852884       3.40050928389313625E-002 -0.32980849660076195       3.00405966609238149E-002
  0.10932742738723744       0.65633742293903008       3.18270475264682690E-002 -0.32380985492349346       3.13146674303917127E-002
  0.11058406448364247       0.65930695028070996       2.96452007608524401E-002 -0.31777444931695892       3.25849979458781164E-002
  0.11184070158004750       0.66221054747329333       2.74598131439590248E-002 -0.31170296501424011       3.38514364778850635E-002
  0.11309733867645252       0.66504792415946512       2.52711457005858550E-002 -0.30559609134463339       3.51138317617768203E-002
  0.11435397577285755       0.66781879660390620       2.30794598472763915E-002 -0.29945452165538627       3.63720330158471133E-002
  0.11561061286926258       0.67052288772166657       2.08850173610958742E-002 -0.29327895323297787       3.76258899593286122E-002
  0.11686724996566761       0.67315992710587347       1.86880803483644303E-002 -0.28707008722395200       3.88752528303426201E-002
  0.11812388706207264       0.67572965105477201       1.64889112133508355E-002 -0.28082862855531238       4.01199724037867786E-002
  0.11938052415847766       0.67823180259809523       1.42877726269306921E-002 -0.27455528585448802       4.13599000091586580E-002
  0.12063716125488269       0.68066613152276056       1.20849274952127741E-002 -0.26825077136887909       4.25948875483130943E-002
  0.12189379835128772       0.68303239439789132       9.88063892813726731E-003 -0.26191580088499145       4.38247875131511852E-002
  0.12315043544769275       0.68533035459915936       7.67517020804966282E-003 -0.25555109364716933       4.50494530032387944E-002
  0.12440707254409777       0.68755978233244730       5.46878475825406194E-003 -0.24915737227593560       4.62687377433524810E-002
  0.12566370964050280       0.68972045465682785       3.26174611154964522E-003 -0.24273536268594875       4.74824961009507607E-002
